
Cells,B220_Bcells,CD4_Tcells,CD8_Tcells,CD11c_MHC_DCs,F480_macrophages,Ly6G_granulocytes,PanCK_Neoplastic cells
SP_W724,0,1.103121682,0,0.706076954,1.909357665,0,2.598919613
SP_W708,1.247963981,2.129097071,1.686925888,0.644626031,2.892697712,1.664343345,3.137253692
SP_W711,0.985857839,1.930989826,1.463687093,0.506584925,2.857137398,1.174608078,3.306382446
SP_W715,0.007931413,1.565691229,0.791696165,0.602371161,2.469777566,1.24320853,3.260418971
SR_W001,2.556605135,2.410628721,1.807567508,1.369865884,2.824451671,0.859653096,3.291061619
SR_W580,0.541103949,2.055828932,1.742456167,0.600146596,2.742800016,2.097246794,2.962363976
SR_W585,1.250451197,2.16932622,1.83526927,0.912063314,2.667381144,2.239126431,2.760168689
SR_W590,3.07286097,2.922584582,2.397782154,1.347587449,2.404628922,2.262952986,2.840161831
